# Significant CNVs (QUAL>50 and Size>10kb)
# Type | Chromosome | Start | End | Length | Quality | CN
CNV	chr1	12836294	12859821	23527	66	4
CNV	chr1	16605768	16645359	39591	123	6
CNV	chr1	16715826	16727637	11811	87	5
CNV	chr1	16879014	16949283	70269	83	4
CNV	chr1	72300725	72345898	45173	81	0
CNV	chr1	109678438	109697824	19386	71	0
CNV	chr1	125162747	125170801	8054	63	4
CNV	chr1	143207550	143272360	64810	84	4
CNV	chr1	224011326	224014456	3130	73	5
CNV	chr1	234776417	234784715	8298	102	6
CNV	chr2	89673674	89818113	144439	75	4
CNV	chr2	89818113	89851643	33530	82	5
CNV	chr2	90382780	90399638	16858	148	42
CNV	chr2	91408761	91423450	14689	64	4
CNV	chr2	125686330	125693474	7144	60	0
CNV	chr2	128883782	128887895	4113	54	0
CNV	chr2	146104645	146118857	14212	67	0
CNV	chr2	193825222	193830554	5332	56	0
CNV	chr3	11066035	11069573	3538	52	0
CNV	chr3	68586213	68590906	4693	55	0
CNV	chr3	68690785	68698289	7504	60	0
CNV	chr3	75525132	75528939	3807	53	0
CNV	chr3	75675223	75707351	32128	75	4
CNV	chr3	98692187	98695792	3605	52	0
CNV	chr3	129357507	129360891	3384	52	0
CNV	chr3	136302295	136307292	4997	56	0
CNV	chr3	162794417	162908501	114084	93	0
CNV	chr3	163046877	163051090	4213	54	0
CNV	chr3	193157385	193167162	9777	63	0
CNV	chr3	195690502	195730300	39798	77	4
CNV	chr4	126771	132653	5882	57	0
CNV	chr4	4128954	4149623	20669	72	0
CNV	chr4	9158875	9210532	51657	83	0
CNV	chr4	9452485	9482992	30507	76	0
CNV	chr4	49090661	49313035	222374	97	4
CNV	chr4	49630523	49657731	27208	101	5
CNV	chr4	68505825	68626242	120417	94	0
CNV	chr4	171453577	171458133	4556	55	0
CNV	chr4	172504181	172512028	7847	61	0
CNV	chr4	186172894	186176267	3373	52	0
CNV	chr4	190106273	190112729	6456	123	8
CNV	chr5	49599421	49661482	62061	150	90
CNV	chr5	84652604	84658865	6261	58	0
CNV	chr6	294332	381943	87611	84	4
CNV	chr6	22050620	22053930	3310	51	0
CNV	chr6	32493619	32517510	23891	70	0
CNV	chr6	32675724	32679885	4161	54	0
CNV	chr6	103289997	103314914	24917	74	0
CNV	chr6	125861744	125866398	4654	55	0
CNV	chr6	134269113	134272948	3835	53	0
CNV	chr7	62384728	62408371	23643	66	4
CNV	chr7	70955710	70960399	4689	55	0
CNV	chr7	158594080	158596262	2182	121	10
CNV	chr8	12543756	12587902	44146	127	7
CNV	chr8	32822747	32833843	11096	64	0
CNV	chr8	40917320	40921516	4196	54	0
CNV	chr8	57208791	57210895	2104	121	11
CNV	chr8	114621411	114630454	9043	62	0
CNV	chr8	143618768	143632635	13867	67	0
CNV	chr8	144124027	144126654	2627	91	7
CNV	chr9	29092276	29097550	5274	56	0
CNV	chr9	39003866	39086444	82578	96	5
CNV	chr9	40867979	40901195	33216	59	4
CNV	chr9	40903760	41021827	118067	116	5
CNV	chr9	41229508	41230829	1321	115	14
CNV	chr9	42261252	42277074	15822	56	4
CNV	chr9	42327648	42399929	72281	82	4
CNV	chr9	62863683	62865758	2075	88	7
CNV	chr9	63816019	63824032	8013	138	13
CNV	chr9	133063338	133082051	18713	92	5
CNV	chr9	137326873	137328203	1330	115	11
CNV	chr10	38952112	38966576	14464	117	7
CNV	chr10	41856175	41915008	58833	150	12
CNV	chr10	42087178	42108202	21024	58	4
CNV	chr10	42146010	42174029	28019	63	4
CNV	chr10	46514225	46561077	46852	79	4
CNV	chr11	63425573	63430943	5370	52	4
CNV	chr11	104397125	104402610	5485	57	0
CNV	chr11	107914086	107917512	3426	52	0
CNV	chr12	21355	60453	39098	87	5
CNV	chr12	8406682	8432604	25922	74	0
CNV	chr12	33234000	33242761	8761	62	0
CNV	chr12	90093824	90097849	4025	53	0
CNV	chr13	18795724	18799807	4083	53	0
CNV	chr13	46460707	46464455	3748	53	0
CNV	chr13	48959044	48962444	3400	52	0
CNV	chr13	50495015	50500403	5388	56	0
CNV	chr14	16095815	16127603	31788	120	7
CNV	chr14	18656545	18694958	38413	76	4
CNV	chr14	99927429	99928709	1280	115	12
CNV	chr14	105906826	105915346	8520	61	0
CNV	chr15	17078740	17083232	4492	107	7
CNV	chr15	20212550	20421468	208918	116	5
CNV	chr15	20645359	20673571	28212	78	4
CNV	chr15	21259041	21272032	12991	81	5
CNV	chr15	71416548	71420497	3949	53	0
CNV	chr15	99876781	99881503	4722	55	0
CNV	chr16	16631213	16636790	5577	54	4
CNV	chr16	34062119	34066707	4588	119	8
CNV	chr16	34585312	34596863	11551	143	80
CNV	chr16	36014263	36015975	1712	92	7
CNV	chr16	55763021	55788289	25268	74	0
CNV	chr16	55808806	55829302	20496	68	4
CNV	chr16	76505771	76510198	4427	54	0
CNV	chr17	21290343	21309199	18856	63	4
CNV	chr17	21661223	21770138	108915	85	4
CNV	chr17	21815040	21836591	21551	54	4
CNV	chr17	21968176	22053709	85533	52	3
CNV	chr17	22123097	22126681	3584	61	5
CNV	chr17	22127884	22159038	31154	114	6
CNV	chr17	26878675	26941909	63234	150	9
CNV	chr17	36181152	36221899	40747	81	4
CNV	chr17	41265888	41275968	10080	63	0
CNV	chr18	15407541	15409736	2195	117	9
CNV	chr18	41285072	41288382	3310	51	0
CNV	chr18	67291846	67299813	7967	61	0
CNV	chr19	24330002	24419120	89118	73	4
CNV	chr19	24895925	24906799	10874	72	5
CNV	chr19	27338001	27340594	2593	68	5
CNV	chr19	27344589	27399325	54736	115	6
CNV	chr19	42790767	43098495	307728	62	3
CNV	chr19	43200079	43258130	58051	84	0
CNV	chr19	51629819	51645262	15443	68	0
CNV	chr20	61182	67509	6327	61	4
CNV	chr20	1576373	1614729	38356	79	0
CNV	chr20	26316534	26321429	4895	55	0
CNV	chr20	28556315	28631378	75063	126	6
CNV	chr20	28771175	28786173	14998	81	5
CNV	chr20	28813275	28816138	2863	96	7
CNV	chr20	28821496	28833171	11675	73	5
CNV	chr20	28870090	28900698	30608	74	4
CNV	chr20	29053186	29124948	71762	150	10
CNV	chr20	29313402	29340224	26822	66	4
CNV	chr20	29865845	29893560	27715	73	4
CNV	chr20	30748545	30840639	92094	142	7
CNV	chr20	30928918	30942616	13698	86	5
CNV	chr20	31054052	31158769	104717	150	34
CNV	chr20	31184783	31187674	2891	125	10
CNV	chr21	5218568	5247302	28734	142	8
CNV	chr21	7258359	7260258	1899	120	22
CNV	chr21	7915997	7969189	53192	150	8
CNV	chr21	8989097	9014792	25695	150	10
CNV	chr21	9647059	9841047	193988	122	5
CNV	chr21	9943979	9953604	9625	85	5
CNV	chr21	10325000	10467307	142307	150	12
CNV	chr21	10511076	10812865	301789	103	5
CNV	chr21	12965933	12991039	25106	62	4
CNV	chr21	43550040	43553100	3060	51	0
CNV	chr21	45797119	45799033	1914	103	8
CNV	chr22	10711935	10784385	72450	150	12
CNV	chr22	10952426	11067599	115173	150	9
CNV	chr22	11307970	11377964	69994	77	4
CNV	chr22	11568866	11630594	61728	80	4
CNV	chr22	12406545	12424826	18281	51	4
CNV	chr22	12589855	12707136	117281	91	4
CNV	chr22	22902158	22904451	2293	66	5
CNV	chr22	23996246	24007899	11653	53	4
CNV	chr22	31380228	31383416	3188	51	0
CNV	chr22	36747496	36752000	4504	55	0
CNV	chr22	42127927	42135186	7259	83	5
CNV	chrX	36578730	36584966	6236	57	0
CNV	chrX	38724085	38728047	3962	52	0
CNV	chrX	58488210	58497603	9393	61	0
CNV	chrX	89201288	89207873	6585	58	2
CNV	chrX	155560509	155567122	6613	57	0
CNV	chrY	3794096	3854396	60300	80	2
CNV	chrY	10626408	11041311	414903	104	2
CNV	chrY	11097896	11117896	20000	150	9
CNV	chrY	11290024	11352430	62406	150	5
CNV	chrY	11530613	11539567	8954	150	24
CNV	chrY	26637532	26656300	18768	67	2
CNV	chrY	56822082	56883569	61487	150	14
