# Copy Number Losses
# Chromosome | Start | End | Length | Quality | CN
chr1	5602601	5604777	2176	16	1
chr1	17349123	17351422	2299	22	1
chr1	25406908	25408887	1979	46	0
chr1	36957456	36960151	2695	23	1
chr1	43904359	43906994	2635	19	1
chr1	58277963	58279107	1144	33	0
chr1	61647597	61653237	5640	24	1
chr1	62188537	62191220	2683	21	1
chr1	68656212	68662723	6511	5	1
chr1	72300725	72345898	45173	81	0
chr1	84245265	84250452	5187	16	1
chr1	105289502	105301066	11564	32	1
chr1	105473111	105481806	8695	30	1
chr1	108190066	108194302	4236	18	1
chr1	109643542	109648199	4657	13	1
chr1	109678438	109697824	19386	71	0
chr1	152107589	152113198	5609	18	1
chr1	152583162	152614569	31407	38	1
chr1	158897551	158899553	2002	46	0
chr1	169257422	169273108	15686	31	1
chr1	187495211	187497501	2290	22	1
chr1	194480704	194486737	6033	26	1
chr1	198804463	198806582	2119	39	0
chr1	203715641	203716648	1007	40	0
chr1	209903960	209912247	8287	22	1
chr1	220262965	220267267	4302	23	1
chr1	229676842	229685202	8360	28	1
chr1	230392180	230396574	4394	11	1
chr1	234182816	234183971	1155	41	0
chr1	248576306	248650158	73852	46	1
chr2	32998863	32999997	1134	18	1
chr2	32999997	33002008	2011	46	0
chr2	34298642	34299642	1000	40	0
chr2	34469478	34504910	35432	39	1
chr2	35753015	35767502	14487	34	1
chr2	40699479	40722277	22798	33	1
chr2	56420561	56428994	8433	21	1
chr2	71115366	71121041	5675	20	1
chr2	76546838	76547838	1000	40	0
chr2	78848829	78854137	5308	22	1
chr2	96063197	96067121	3924	25	1
chr2	106078276	106079284	1008	18	1
chr2	106262923	106269724	6801	21	1
chr2	107658202	107662573	4371	24	1
chr2	108186943	108190093	3150	17	1
chr2	122719771	122724402	4631	23	1
chr2	125685330	125686330	1000	18	1
chr2	125686330	125693474	7144	60	0
chr2	128880497	128881497	1000	18	1
chr2	128883782	128887895	4113	54	0
chr2	132008523	132038778	30255	6	1
chr2	133807525	133812077	4552	16	1
chr2	146104645	146118857	14212	67	0
chr2	152939097	152943565	4468	20	1
chr2	159102059	159105638	3579	18	1
chr2	161476005	161477396	1391	43	0
chr2	176400345	176407728	7383	22	1
chr2	193825222	193830554	5332	56	0
chr2	228399443	228403694	4251	24	1
chr3	186614	193181	6567	23	1
chr3	3438846	3441947	3101	20	1
chr3	5493871	5498143	4272	18	1
chr3	11066035	11069573	3538	52	0
chr3	21682043	21685262	3219	22	1
chr3	47448997	47451495	2498	21	1
chr3	50373327	50374327	1000	18	1
chr3	61559941	61565073	5132	8	1
chr3	68586213	68590906	4693	55	0
chr3	68690785	68698289	7504	60	0
chr3	75406822	75413559	6737	28	0
chr3	75521253	75525132	3879	22	1
chr3	75525132	75528939	3807	53	0
chr3	90535856	90538599	2743	23	1
chr3	98692187	98695792	3605	52	0
chr3	99180635	99182636	2001	46	0
chr3	104312409	104315409	3000	17	1
chr3	107319237	107321244	2007	46	0
chr3	125952058	125958597	6539	14	1
chr3	128711536	128713580	2044	17	1
chr3	129356459	129357507	1048	18	1
chr3	129357507	129360891	3384	52	0
chr3	136302295	136307292	4997	56	0
chr3	162794417	162908501	114084	93	0
chr3	163046877	163051090	4213	54	0
chr3	190019120	190020135	1015	18	1
chr3	190020135	190022135	2000	46	0
chr3	193157385	193167162	9777	63	0
chr3	194677580	194679659	2079	21	1
chr4	126771	132653	5882	57	0
chr4	4108182	4116870	8688	27	1
chr4	4128954	4149623	20669	72	0
chr4	4152045	4156334	4289	18	1
chr4	6680295	6684763	4468	17	1
chr4	9158875	9210532	51657	83	0
chr4	9452485	9482992	30507	76	0
chr4	10390924	10400953	10029	25	1
chr4	34777706	34827867	50161	42	1
chr4	35238553	35243142	4589	21	1
chr4	40022806	40025477	2671	23	1
chr4	42759969	42769074	9105	21	1
chr4	59951053	59952100	1047	40	0
chr4	68503819	68505825	2006	21	1
chr4	68505825	68626242	120417	94	0
chr4	69263659	69369809	106150	50	1
chr4	74559070	74562729	3659	12	1
chr4	77700308	77704308	4000	24	1
chr4	91008933	91016309	7376	19	1
chr4	92936073	92938086	2013	21	1
chr4	106018796	106022809	4013	14	1
chr4	106134841	106141841	7000	27	1
chr4	114586716	114592376	5660	17	1
chr4	134511974	134513974	2000	46	0
chr4	134601970	134615314	13344	7	1
chr4	160092331	160098377	6046	24	1
chr4	162472303	162473343	1040	18	1
chr4	162473343	162475375	2032	46	0
chr4	165081220	165083828	2608	49	0
chr4	170149058	170152117	3059	14	1
chr4	171453577	171458133	4556	55	0
chr4	172504181	172512028	7847	61	0
chr4	186172894	186176267	3373	52	0
chr4	186176267	186177295	1028	18	1
chr5	742312	752823	10511	28	1
chr5	3656680	3659903	3223	17	1
chr5	4447644	4452799	5155	16	1
chr5	23903153	23904181	1028	40	0
chr5	34295835	34312872	17037	32	1
chr5	42628068	42631520	3452	17	1
chr5	46271395	46275772	4377	24	1
chr5	58027619	58037864	10245	29	1
chr5	60705746	60707804	2058	47	0
chr5	63486139	63498979	12840	8	1
chr5	84652604	84658865	6261	58	0
chr5	91203043	91206401	3358	7	1
chr5	93580569	93588699	8130	4	1
chr5	99009127	99011580	2453	47	0
chr5	106988985	106990985	2000	40	0
chr5	112887809	112892925	5116	11	1
chr5	114989211	114999129	9918	25	1
chr5	120044053	120047053	3000	24	1
chr5	128071687	128074967	3280	22	1
chr5	131112296	131123323	11027	10	1
chr5	137516197	137520839	4642	26	1
chr5	151410380	151412546	2166	47	0
chr5	156050242	156061584	11342	29	1
chr5	163434270	163436527	2257	22	1
chr6	666457	667467	1010	40	0
chr6	18401410	18402410	1000	18	1
chr6	22050620	22053930	3310	51	0
chr6	23619008	23624282	5274	7	1
chr6	31307694	31310698	3004	50	0
chr6	31391518	31487059	95541	43	1
chr6	32485425	32487962	2537	22	1
chr6	32493619	32517510	23891	70	0
chr6	32517510	32528480	10970	31	1
chr6	32556226	32559924	3698	25	1
chr6	32559924	32561195	1271	42	0
chr6	32561195	32574127	12932	26	1
chr6	32578792	32591091	12299	12	1
chr6	32647470	32657250	9780	31	1
chr6	32675724	32679885	4161	54	0
chr6	32810812	32811992	1180	41	0
chr6	35656382	35661910	5528	15	1
chr6	51768437	51770508	2071	20	1
chr6	54063605	54069876	6271	24	1
chr6	60656235	60663321	7086	27	1
chr6	61410024	61421524	11500	30	1
chr6	61494019	61497715	3696	25	1
chr6	65000793	65005785	4992	23	1
chr6	66329716	66333060	3344	23	1
chr6	67230833	67236990	6157	17	1
chr6	72154186	72158850	4664	24	1
chr6	73881482	73893500	12018	31	1
chr6	85913480	85914657	1177	19	1
chr6	85914657	85915657	1000	40	0
chr6	95250852	95253139	2287	22	1
chr6	101485500	101491500	6000	25	1
chr6	102055041	102065063	10022	9	1
chr6	103289997	103314914	24917	74	0
chr6	125747327	125751327	4000	12	1
chr6	125861744	125866398	4654	55	0
chr6	134269113	134272948	3835	53	0
chr6	151184984	151191414	6430	19	1
chr6	153636704	153640202	3498	24	1
chr6	165311334	165318689	7355	26	1
chr6	167285188	167286240	1052	31	0
chr6	167507071	167509167	2096	20	1
chr7	149437	160967	11530	23	1
chr7	10176334	10184740	8406	8	1
chr7	10779894	10786376	6482	3	1
chr7	23998655	23999655	1000	40	0
chr7	42236142	42239162	3020	21	1
chr7	54544377	54547377	3000	17	1
chr7	57918288	57922722	4434	26	1
chr7	63226888	63260600	33712	37	1
chr7	70955710	70960399	4689	55	0
chr7	70960399	70961403	1004	18	1
chr7	74135288	74137074	1786	21	1
chr7	74413310	74417805	4495	9	1
chr7	76515008	76516008	1000	18	1
chr7	76516008	76517008	1000	40	0
chr7	86602614	86616747	14133	32	1
chr7	97766969	97773785	6816	26	1
chr7	100729624	100745577	15953	30	1
chr7	110542118	110548205	6087	24	1
chr7	126405686	126411378	5692	25	1
chr7	127574109	127578537	4428	12	1
chr7	132560812	132564640	3828	25	1
chr7	142652117	142654533	2416	22	1
chr7	148374803	148379257	4454	11	1
chr7	154600121	154608632	8511	28	1
chr8	644394	649427	5033	18	1
chr8	6967338	6970504	3166	17	1
chr8	7135932	7147466	11534	3	1
chr8	8215382	8228986	13604	24	1
chr8	12140452	12141712	1260	17	1
chr8	19012909	19013909	1000	18	1
chr8	25114186	25133795	19609	35	1
chr8	25208157	25213720	5563	14	1
chr8	29979645	29980645	1000	18	1
chr8	32294758	32297111	2353	22	1
chr8	32822747	32833843	11096	64	0
chr8	40917320	40921516	4196	54	0
chr8	42331320	42337092	5772	9	1
chr8	50117968	50124973	7005	25	1
chr8	74449479	74454969	5490	17	1
chr8	114621411	114630454	9043	62	0
chr8	128750663	128753663	3000	50	0
chr8	138090396	138096668	6272	4	1
chr8	139960908	139961935	1027	40	0
chr8	139961935	139962960	1025	18	1
chr8	143551831	143553982	2151	21	1
chr8	143616640	143618768	2128	15	1
chr8	143618768	143632635	13867	67	0
chr9	14312353	14317353	5000	8	1
chr9	17909718	17910911	1193	41	0
chr9	28047191	28051191	4000	18	1
chr9	29092276	29097550	5274	56	0
chr9	33212731	33214250	1519	20	1
chr9	42138755	42160691	21936	36	1
chr9	42307193	42309228	2035	18	1
chr9	42423090	42480957	57867	44	1
chr9	42694613	42725380	30767	39	1
chr9	61521753	61523921	2168	19	1
chr9	61730161	61734391	4230	32	0
chr9	64773296	64774703	1407	20	1
chr9	69123071	69128092	5021	13	1
chr9	69280158	69281708	1550	30	0
chr9	73973839	73983712	9873	8	1
chr9	86539381	86540603	1222	36	0
chr9	93708089	93709089	1000	40	0
chr9	95505745	95511750	6005	7	1
chr9	97981899	97984949	3050	9	1
chr9	98546406	98549515	3109	15	1
chr9	101952328	101962619	10291	29	1
chr9	110262467	110269729	7262	19	1
chr9	111402748	111407265	4517	23	1
chr9	113016067	113019889	3822	22	1
chr9	126859797	126861870	2073	15	1
chr9	127418873	127424659	5786	4	1
chr9	135587327	135588337	1010	40	0
chr9	136163226	136168215	4989	15	1
chr9	137358823	137361300	2477	17	1
chr10	39256958	39268218	11260	28	1
chr10	39340545	39360364	19819	34	1
chr10	42110794	42114701	3907	10	1
chr10	50149610	50150986	1376	31	0
chr10	53023303	53029549	6246	12	1
chr10	57449057	57452057	3000	23	1
chr10	65547207	65555802	8595	25	1
chr10	69521462	69531022	9560	29	1
chr10	76488293	76501013	12720	8	1
chr10	89181257	89188257	7000	27	1
chr10	93785221	93787333	2112	21	1
chr10	95109930	95115830	5900	23	1
chr10	98929250	98936116	6866	28	1
chr10	106270692	106272803	2111	47	0
chr10	112949122	112955122	6000	7	1
chr10	120467592	120468688	1096	41	0
chr10	120468688	120471915	3227	16	1
chr10	125158738	125164211	5473	4	1
chr10	131622970	131624949	1979	21	1
chr11	1641510	1642615	1105	19	1
chr11	7791886	7810751	18865	32	1
chr11	9301770	9302967	1197	24	0
chr11	11854053	11856332	2279	22	1
chr11	42788933	42797541	8608	25	1
chr11	46117920	46122924	5004	6	1
chr11	54756434	54777494	21060	33	1
chr11	55598601	55686122	87521	46	1
chr11	67117423	67120423	3000	3	1
chr11	73981896	73991672	9776	27	1
chr11	89230518	89234771	4253	19	1
chr11	93961343	93969098	7755	20	1
chr11	104397125	104402610	5485	57	0
chr11	107912119	107914086	1967	21	1
chr11	107914086	107917512	3426	52	0
chr12	70210	72256	2046	29	0
chr12	8388900	8406682	17782	35	1
chr12	8406682	8432604	25922	74	0
chr12	10428062	10433284	5222	26	1
chr12	17291262	17293527	2265	22	1
chr12	33234000	33242761	8761	62	0
chr12	60128221	60130389	2168	47	0
chr12	60130389	60131389	1000	18	1
chr12	71962186	71964742	2556	22	1
chr12	84197010	84201688	4678	21	1
chr12	90092727	90093824	1097	18	1
chr12	90093824	90097849	4025	53	0
chr12	93110423	93111423	1000	39	0
chr12	104483036	104493208	10172	23	1
chr12	133255730	133260376	4646	14	1
chr13	18760009	18774205	14196	33	1
chr13	18795724	18799807	4083	53	0
chr13	18992649	18998660	6011	7	1
chr13	26475885	26477886	2001	46	0
chr13	38804204	38809402	5198	26	1
chr13	46460707	46464455	3748	53	0
chr13	46464455	46468497	4042	25	1
chr13	48959044	48962444	3400	52	0
chr13	50495015	50500403	5388	56	0
chr13	55093161	55106501	13340	4	1
chr13	57212933	57213939	1006	40	0
chr13	69063026	69068143	5117	14	1
chr13	90211193	90212193	1000	40	0
chr13	98601542	98605487	3945	24	1
chr13	112065923	112075978	10055	5	1
chr14	16092354	16095815	3461	9	1
chr14	20082359	20088725	6366	22	1
chr14	21484626	21486284	1658	44	0
chr14	23993622	23995505	1883	21	1
chr14	32483814	32485035	1221	29	0
chr14	32932498	32941595	9097	3	1
chr14	35136351	35146279	9928	23	1
chr14	37300894	37301919	1025	40	0
chr14	40140448	40147898	7450	25	1
chr14	43378415	43385463	7048	21	1
chr14	44032510	44062577	30067	38	1
chr14	73530575	73557360	26785	36	1
chr14	82033086	82036092	3006	50	0
chr14	82036092	82037092	1000	18	1
chr14	84830730	84835767	5037	25	1
chr14	84893694	84897866	4172	22	1
chr14	98314688	98319529	4841	5	1
chr14	101780315	101783666	3351	19	1
chr14	105906826	105915346	8520	61	0
chr14	105915346	105916840	1494	20	1
chr14	106074666	106112614	37948	40	1
chr14	106708539	106761000	52461	44	1
chr15	47915301	47922645	7344	25	1
chr15	55362912	55365386	2474	22	1
chr15	62414051	62415240	1189	41	0
chr15	64950605	64955800	5195	27	1
chr15	67969605	67972641	3036	17	1
chr15	71416548	71420497	3949	53	0
chr15	71420497	71421729	1232	18	1
chr15	76591544	76602177	10633	22	1
chr15	77037890	77039924	2034	19	1
chr15	88255012	88258012	3000	8	1
chr15	99876781	99881503	4722	55	0
chr16	13742249	13746664	4415	23	1
chr16	17381452	17385930	4478	20	1
chr16	23036515	23037515	1000	40	0
chr16	23037515	23038515	1000	17	1
chr16	48474750	48477154	2404	48	0
chr16	54927916	54933019	5103	3	1
chr16	55761014	55763021	2007	21	1
chr16	55763021	55788289	25268	74	0
chr16	57292805	57294187	1382	43	0
chr16	57331766	57332892	1126	21	0
chr16	58639388	58643350	3962	21	1
chr16	62510755	62517127	6372	24	1
chr16	76504771	76505771	1000	18	1
chr16	76505771	76510198	4427	54	0
chr16	79597867	79601881	4014	4	1
chr16	85553176	85557176	4000	5	1
chr16	87600789	87604839	4050	4	1
chr16	88796070	88797104	1034	37	0
chr17	820934	822366	1432	20	1
chr17	8343232	8344791	1559	39	0
chr17	10986175	10992832	6657	21	1
chr17	21841171	21843689	2518	4	1
chr17	21884022	21968176	84154	21	1
chr17	22126681	22127884	1203	6	1
chr17	26843293	26847176	3883	25	1
chr17	37418964	37422896	3932	23	1
chr17	41265888	41275968	10080	63	0
chr17	53774797	53782293	7496	26	1
chr17	54081892	54088489	6597	28	1
chr17	57609448	57612666	3218	13	1
chr17	76787102	76792581	5479	19	1
chr17	82147801	82150693	2892	20	1
chr18	5209530	5210540	1010	40	0
chr18	8704528	8707532	3004	12	1
chr18	11509505	11511891	2386	36	0
chr18	14299641	14305107	5466	27	1
chr18	25348740	25352755	4015	16	1
chr18	26181971	26187128	5157	14	1
chr18	41285072	41288382	3310	51	0
chr18	44678660	44681693	3033	14	1
chr18	51669825	51684875	15050	3	1
chr18	67291846	67299813	7967	61	0
chr18	73901543	73907543	6000	7	1
chr19	12053586	12067053	13467	28	1
chr19	12583613	12587708	4095	17	1
chr19	14935141	14940034	4893	15	1
chr19	15915158	15919512	4354	10	1
chr19	16303080	16309796	6716	18	1
chr19	16776653	16777766	1113	19	1
chr19	23322161	23324512	2351	19	1
chr19	23465565	23471779	6214	27	1
chr19	23878475	23882511	4036	25	1
chr19	23971282	23973387	2105	17	1
chr19	24178300	24181387	3087	23	1
chr19	27470667	27471914	1247	42	0
chr19	28280986	28285031	4045	14	1
chr19	29511193	29514604	3411	24	1
chr19	35169692	35174325	4633	19	1
chr19	36349153	36355997	6844	24	1
chr19	43200079	43258130	58051	84	0
chr19	43260627	43264566	3939	17	1
chr19	47418281	47423361	5080	14	1
chr19	50487287	50500025	12738	6	1
chr19	51629819	51645262	15443	68	0
chr19	52808876	52818847	9971	6	1
chr20	1576373	1614729	38356	79	0
chr20	1913642	1916134	2492	22	1
chr20	7417609	7422628	5019	25	1
chr20	15730218	15732535	2317	20	1
chr20	20362490	20369497	7007	8	1
chr20	21305643	21307318	1675	45	0
chr20	21307318	21308537	1219	19	1
chr20	25848069	25854141	6072	28	1
chr20	26279778	26281231	1453	36	0
chr20	26316534	26321429	4895	55	0
chr20	28754507	28758609	4102	24	1
chr20	28836295	28865022	28727	34	1
chr20	30498661	30504524	5863	14	1
chr20	40127735	40134950	7215	23	1
chr20	43642602	43644126	1524	20	1
chr20	43644126	43645811	1685	45	0
chr20	44676925	44680789	3864	16	1
chr20	62740786	62743786	3000	12	1
chr21	9039669	9041715	2046	43	0
chr21	17239768	17240998	1230	39	0
chr21	39406976	39425814	18838	32	1
chr21	41617270	41618409	1139	41	0
chr21	43550040	43553100	3060	51	0
chr21	44407959	44412473	4514	15	1
chr21	45968373	45969448	1075	40	0
chr21	46237244	46238876	1632	21	1
chr22	21326748	21328782	2034	23	0
chr22	23932072	23934168	2096	47	0
chr22	23942087	23954437	12350	33	1
chr22	23985465	23987577	2112	45	0
chr22	31380228	31383416	3188	51	0
chr22	36747496	36752000	4504	55	0
chr22	38961891	38990102	28211	31	1
chr22	44739001	44742674	3673	7	1
chr22	45257639	45260261	2622	20	1
chrX	938284	951220	12936	4	1
chrX	5137129	5139158	2029	45	0
chrX	32969425	32970495	1070	39	0
chrX	36578730	36584966	6236	57	0
chrX	38724085	38728047	3962	52	0
chrX	38728047	38729460	1413	10	0
chrX	58488210	58497603	9393	61	0
chrX	70511359	70513986	2627	46	0
chrX	77866247	77868659	2412	47	0
chrX	84841301	84842633	1332	41	0
chrX	90280174	90294210	14036	11	0
chrX	115735985	115737999	2014	45	0
chrX	141382554	141384767	2213	46	0
chrX	145340857	145343035	2178	46	0
chrX	148427688	148429690	2002	45	0
chrX	151125162	151127681	2519	15	0
chrX	155560509	155567122	6613	57	0
chrY	11065672	11067953	2281	3	0
chrY	19966194	19968257	2063	4	0
