# Copy Number Gains
# Chromosome | Start | End | Length | Quality | CN
chr1	12836294	12859821	23527	66	4
chr1	13106279	13122338	16059	8	3
chr1	13225212	13247040	21828	24	3
chr1	16605768	16645359	39591	123	6
chr1	16715826	16727637	11811	87	5
chr1	16879014	16949283	70269	83	4
chr1	53087451	53102587	15136	9	3
chr1	66433144	66442516	9372	10	3
chr1	125026196	125046947	20751	15	3
chr1	125079842	125085826	5984	38	4
chr1	125162747	125170801	8054	63	4
chr1	143207550	143272360	64810	84	4
chr1	223886154	223888324	2170	5	3
chr1	224011326	224014456	3130	73	5
chr1	234776417	234784715	8298	102	6
chr1	236093682	236102844	9162	11	3
chr1	248458735	248521184	62449	22	3
chr2	89673674	89818113	144439	75	4
chr2	89818113	89851643	33530	82	5
chr2	90382780	90399638	16858	148	42
chr2	91408761	91423450	14689	64	4
chr2	94187946	94189838	1892	21	3
chr2	227906859	227917585	10726	5	3
chr2	238531746	238552749	21003	5	3
chr2	239866066	239869189	3123	33	4
chr3	75675223	75707351	32128	75	4
chr3	130080334	130090712	10378	27	3
chr3	168198329	168205618	7289	11	3
chr3	195690502	195730300	39798	77	4
chr3	195743476	195750438	6962	43	4
chr4	49090661	49313035	222374	97	4
chr4	49515166	49519103	3937	47	4
chr4	49630523	49657731	27208	101	5
chr4	160939831	161010925	71094	28	3
chr4	169776529	169791763	15234	14	3
chr4	190106273	190112729	6456	123	8
chr5	49599421	49661482	62061	150	90
chr5	99192941	99235498	42557	18	3
chr5	135752853	135778868	26015	25	3
chr5	135785169	135806529	21360	30	3
chr5	141174085	141182232	8147	12	3
chr6	256330	294332	38002	37	3
chr6	294332	381943	87611	84	4
chr6	32574127	32578792	4665	6	3
chr6	58239833	58265712	25879	28	3
chr6	60994009	61043000	48991	27	3
chr6	62832517	62883077	50560	27	3
chr6	103477231	103490451	13220	26	3
chr7	7054712	7087550	32838	27	3
chr7	37786153	37796515	10362	6	3
chr7	38254514	38269973	15459	18	3
chr7	57485944	57498501	12557	8	3
chr7	62384728	62408371	23643	66	4
chr7	65797126	65823968	26842	33	3
chr7	99581091	99597903	16812	33	3
chr7	99956251	99966710	10459	19	3
chr7	100956437	100970411	13974	42	4
chr7	143847158	143850285	3127	31	4
chr7	152402311	152406538	4227	38	4
chr7	158594080	158596262	2182	121	10
chr8	210801	217797	6996	28	3
chr8	12543756	12587902	44146	127	7
chr8	29295837	29328738	32901	24	3
chr8	57208791	57210895	2104	121	11
chr8	82363470	82379538	16068	16	3
chr8	93663501	93674797	11296	11	3
chr8	107562110	107598329	36219	17	3
chr8	143118338	143125166	6828	5	3
chr8	144124027	144126654	2627	91	7
chr9	39003866	39086444	82578	96	5
chr9	39587582	39588582	1000	12	3
chr9	40867979	40901195	33216	59	4
chr9	40903760	41021827	118067	116	5
chr9	41229508	41230829	1321	115	14
chr9	42261252	42277074	15822	56	4
chr9	42327648	42399929	72281	82	4
chr9	62863683	62865758	2075	88	7
chr9	63816019	63824032	8013	138	13
chr9	89359145	89375793	16648	3	3
chr9	105783206	105822405	39199	11	3
chr9	133063338	133082051	18713	92	5
chr9	137326873	137328203	1330	115	11
chr10	38952112	38966576	14464	117	7
chr10	41856175	41915008	58833	150	12
chr10	42087178	42108202	21024	58	4
chr10	42146010	42174029	28019	63	4
chr10	46514225	46561077	46852	79	4
chr10	124225574	124231777	6203	50	4
chr11	17039612	17059023	19411	14	3
chr11	25642631	25653588	10957	11	3
chr11	43146471	43172989	26518	19	3
chr11	56698780	56706879	8099	33	3
chr11	58661574	58670355	8781	16	3
chr11	63425573	63430943	5370	52	4
chr11	114605512	114625268	19756	13	3
chr12	21355	60453	39098	87	5
chr12	11036173	11039984	3811	27	3
chr12	11065169	11074134	8965	47	4
chr12	29788976	29794250	5274	28	3
chr12	39709387	39714838	5451	5	3
chr12	59527596	59553928	26332	22	3
chr12	70938113	70945399	7286	14	3
chr12	79454225	79481838	27613	32	3
chr12	104364499	104372824	8325	33	3
chr12	117123495	117129629	6134	23	3
chr12	131574745	131584910	10165	9	3
chr13	41440795	41455698	14903	20	3
chr13	61216978	61232696	15718	19	3
chr13	69083362	69086401	3039	34	4
chr13	93087921	93098641	10720	11	3
chr14	16095815	16127603	31788	120	7
chr14	18656545	18694958	38413	76	4
chr14	45812948	45835005	22057	22	3
chr14	99927429	99928709	1280	115	12
chr14	105589127	105713030	123903	47	3
chr14	106261237	106270368	9131	18	3
chr14	106330408	106352146	21738	35	3
chr15	17078740	17083232	4492	107	7
chr15	20212550	20421468	208918	116	5
chr15	20645359	20673571	28212	78	4
chr15	21259041	21272032	12991	81	5
chr15	22221392	22300855	79463	47	3
chr15	28314315	28318157	3842	44	4
chr15	28456125	28464598	8473	42	4
chr15	40125250	40134889	9639	13	3
chr16	2648373	2692943	44570	34	3
chr16	10698757	10719876	21119	29	3
chr16	16631213	16636790	5577	54	4
chr16	21508511	21583073	74562	40	3
chr16	22614542	22698638	84096	47	3
chr16	28603330	28620663	17333	24	3
chr16	34062119	34066707	4588	119	8
chr16	34095362	34100886	5524	39	4
chr16	34161682	34191589	29907	50	4
chr16	34585312	34596863	11551	143	80
chr16	36014263	36015975	1712	92	7
chr16	36120126	36126339	6213	26	3
chr16	55808806	55829302	20496	68	4
chr16	70149443	70163608	14165	21	3
chr16	73246541	73251965	5424	5	3
chr16	77712112	77720654	8542	28	3
chr16	88708560	88744169	35609	4	3
chr17	21290343	21309199	18856	63	4
chr17	21661223	21770138	108915	85	4
chr17	21815040	21836591	21551	54	4
chr17	21843689	21884022	40333	3	3
chr17	21968176	22053709	85533	52	3
chr17	22123097	22126681	3584	61	5
chr17	22127884	22159038	31154	114	6
chr17	26781858	26843293	61435	5	3
chr17	26878675	26941909	63234	150	9
chr17	36181152	36221899	40747	81	4
chr17	45506400	45584030	77630	46	3
chr17	74727529	74733779	6250	29	3
chr17	82077762	82096211	18449	10	3
chr18	15407541	15409736	2195	117	9
chr18	79198137	79202798	4661	5	3
chr19	20866156	20920605	54449	8	3
chr19	21564694	21574245	9551	29	3
chr19	24330002	24419120	89118	73	4
chr19	24895925	24906799	10874	72	5
chr19	27338001	27340594	2593	68	5
chr19	27344589	27399325	54736	115	6
chr19	42790767	43098495	307728	62	3
chr19	52821309	52855725	34416	42	3
chr19	54225141	54239058	13917	32	3
chr20	61182	67509	6327	61	4
chr20	28556315	28631378	75063	126	6
chr20	28771175	28786173	14998	81	5
chr20	28813275	28816138	2863	96	7
chr20	28821496	28833171	11675	73	5
chr20	28870090	28900698	30608	74	4
chr20	29053186	29124948	71762	150	10
chr20	29222413	29313402	90989	42	3
chr20	29313402	29340224	26822	66	4
chr20	29390403	29423911	33508	10	3
chr20	29628719	29681766	53047	13	3
chr20	29865845	29893560	27715	73	4
chr20	30413457	30463007	49550	21	3
chr20	30748545	30840639	92094	142	7
chr20	30928918	30942616	13698	86	5
chr20	31054052	31158769	104717	150	34
chr20	31184783	31187674	2891	125	10
chr21	5218568	5247302	28734	142	8
chr21	7258359	7260258	1899	120	22
chr21	7915997	7969189	53192	150	8
chr21	8989097	9014792	25695	150	10
chr21	9647059	9841047	193988	122	5
chr21	9943979	9953604	9625	85	5
chr21	10270860	10272354	1494	22	3
chr21	10325000	10467307	142307	150	12
chr21	10511076	10812865	301789	103	5
chr21	12965933	12991039	25106	62	4
chr21	45797119	45799033	1914	103	8
chr22	10711935	10784385	72450	150	12
chr22	10952426	11067599	115173	150	9
chr22	11307970	11377964	69994	77	4
chr22	11568866	11630594	61728	80	4
chr22	12406545	12424826	18281	51	4
chr22	12589855	12707136	117281	91	4
chr22	22902158	22904451	2293	66	5
chr22	23428037	23433547	5510	39	4
chr22	23996246	24007899	11653	53	4
chr22	42127927	42135186	7259	83	5
chr22	48582142	48586409	4267	22	3
chrX	89201288	89207873	6585	58	2
chrY	3794096	3854396	60300	80	2
chrY	10626408	11041311	414903	104	2
chrY	11097896	11117896	20000	150	9
chrY	11290024	11352430	62406	150	5
chrY	11352430	11404318	51888	32	2
chrY	11530613	11539567	8954	150	24
chrY	26637532	26656300	18768	67	2
chrY	26663369	26665329	1960	41	2
chrY	56822082	56883569	61487	150	14
